100010001000010100101011100100011010110011011111000011100001000001100110010101111111000010001011110111001101110011111101000010011111000110011010100011111011111100011
10011100000011111100011100001001010010100001000111001000000111000010000011010111111100000001010011011000010001011110111001100101010111111
101101001011010001111100101110000100010111101110011010000100111111010000000101010100001000010000000011110001101011100001001110000011000101000001111100011010000100101001010000100000101110010001100011100001000000111110100011001101111000010110111111
110101111011100110010101000010011110100000011111000010000010111100010001111011000010001011110111001101000010001101010000000100110100001000000000101100001000101111011111111000000010100011000011100101001000010011110100000011111000010001110111001010101000010000000111110100001001111010000001111100001001111111110010011010101111
10001100000000001001101001010010000100111000000000111010000100111000001100010100000111110001101000010011110100000011111111101000010011000001110010101001101101111111000010010100000000001110100101001000010011110100000011111000010000011110111111001010110001110111111
10100101000010011111100110000010100001010111111100001000100010000100010111111101110010100011110010000100111000111101100001001110110000000001111000010000101110111111
10110011101110011010000100010111101111110010101001101000111000010010100101000010011111100000100001000010100000111110100001001111000000011101000110
100011011011101000000000001110000100111001000111000010001000100001001111000100011111111111100110111110
101100111011100110111101101101111111100011010000100010110100001001111001010100110110000100010111101110011010000100110111000001110001110001110010101100011100001000101100000100001001010010000110011001010011010100011111011111110111111
10110101101111110011111100011010111111100001001010000010000110101101111001010100001110111111
10100000111111100111110011111110000100000010011010000100010000101010000100010001111100000111110110000100011100000011111001011110111111101100001000000000101100001001010110000001111101111110000011111010111111
11001110000001111100001000001111011101000111100111100100001000101000000010111000010000010010000001100011101111111011111110111111
1001001010100011010000100111111000000011000011100001000101000000010111000010000011111001000010001011110011110110000100011100100011110001001100001001110010101001011000001000010010101100000011111011111100000111110
101001111110011110110010100100001001111010000001111100001000010100000000001111000001110111111
100010001111010010011010010100100001001010010100001000100000001100001001111010000001111111110100001000010101000010111101110011011111010111111
10110011101110011000011001101000010001000111110001100101010110111010111000010001011110111001101000010011111111111000000111001111111000111000010011110100000011111011011111111000110100001001111000000000000010011110010101001101100001000010100000111110
110010111100111111110000100111101000000111110000100001101110100011011111010000100110111001100100011111010000100010111101110011010000100010111111100100001101001101111111111011000010000000001011000010011001010100011111001011110111100001001011110111100010000110101111001101110010001110000100010111101110011010000100110101111100100011001101000000
100011111110001110010001111010001110000100010110111000000100001000101111011100110111110001101000010001000111110001101001010010000100010001000010000001010000001101011001101111101000010001000010101111111000010001000010101000010001000000100001011111000110010100101111100111101100110
1001110000000000011111110010100100001000110100000000001111111001010010000100111100001100101110000100010111101110011010000100110111010000101100110100001000010111110000000011101000010001011110111111110000000111101101110111100001001111010000001111101011111010111110101111
